##TITLE= Parameter file, TopSpin 3.5 pl 7
##JCAMPDX= 5.0
##DATATYPE= Parameter Values
##NPOINTS= 11	$$ modification sequence number
##ORIGIN= Bruker BioSpin GmbH
##OWNER= aci
$$ 2025-05-19 13:15:41.360 +0200  aci@chem-nmr500
$$ /opt/topspin3.2/data/aci/nmr/A_Laurent_190525/6/acqus
$$ process /opt/topspin3.5pl7/prog/mod/go4
##$ACQT0= 0
##$AMP= (0..31)
100 100 100 100 100 100 100 100 100 100 100 100 100 100 100 100 100 100
100 100 100 100 100 100 100 100 100 100 100 100 100 100
##$AMPCOIL= (0..19)
-1 0 0 0 0 0 0 0 0 0 0 0 0 0 0 0 0 0 0 0
##$ANAVPT= -1
##$AQSEQ= 0
##$AQ_mod= 3
##$AUNM= <au_getlinv>
##$AUTOPOS= <>
##$BF1= 500.25
##$BF2= 125.787963
##$BF3= 500.25
##$BF4= 500.25
##$BF5= 500.25
##$BF6= 500.25
##$BF7= 500.25
##$BF8= 500.25
##$BWFAC= (0..63)
0 0 0 0 0 0 0 0 0 0 0 0 0 0 0 0 0 0 0 0 0 0 0 0 0 0 0 0 0 0 0 0 0 0 0 0
0 0 0 0 0 0 0 0 0 0 0 0 0 0 0 0 0 0 0 0 0 0 0 0 0 0 0 0
##$BYTORDA= 0
##$CAGPARS= (0..11)
0 0 0 0 0 0 0 0 0 0 0 0
##$CHEMSTR= <none>
##$CNST= (0..63)
1 1 145 1 1 1 1 1 1 1 1 1 50 1 1 1 1 -0.5 1 1 1 40 -7.4 10 40 8 -10 1 1
1 1 1 1 1 1 1 1 1 1 1 1 1 1 1 1 1 1 1 1 1 1 1 1 1 1 1 1 1 1 1 1 1 1 1
##$CPDPRG= (0..8)
<garp> <> <garp> <> <mlev> <mlev> <mlev> <mlev> <mlev>
##$D= (0..63)
3e-06 1.5 0.00345 0.0023 0.001724138 0 0.065 0.4 0 0 0 0.03 2e-05 3e-06
0 0 0.0002 0 0 0 0 0 0 0 0.0011 0 0 0 0 0 0 0 0 0 0 0 0 0 0 0 0 0 0 0 0
0 0 0 0 0 0 0 0 0 0 0 0 0 0 0 0 0 0 0
##$DATE= 1747652866
##$DE= 8
##$DECBNUC= <off>
##$DECIM= 7272
##$DECNUC= <off>
##$DECSTAT= 4
##$DIGMOD= 1
##$DIGTYP= 12
##$DQDMODE= 0
##$DR= 23
##$DS= 8
##$DSPFIRM= 0
##$DSPFVS= 20
##$DTYPA= 0
##$EXP= <1_IfC_HSQC_13C>
##$FCUCHAN= (0..9)
0 1 3 0 0 0 0 0 0 0
##$FL1= 90
##$FL2= 90
##$FL3= 90
##$FL4= 90
##$FN_INDIRECT= (0..7)
0 0 0 0 0 0 0 0
##$FOV= 20
##$FQ1LIST= <freqlist>
##$FQ2LIST= <freqlist>
##$FQ3LIST= <freqlist>
##$FQ4LIST= <freqlist>
##$FQ5LIST= <freqlist>
##$FQ6LIST= <freqlist>
##$FQ7LIST= <freqlist>
##$FQ8LIST= <freqlist>
##$FRQLO3= 6352.36250001192
##$FRQLO3N= 2
##$FS= (0..7)
83 83 83 83 83 83 83 83
##$FTLPGN= 0
##$FW= 4032000
##$FnILOOP= 0
##$FnMODE= 0
##$FnTYPE= 0
##$GPNAM= (0..31)
<sine.100> <SMSQ10.100> <SMSQ10.100> <SMSQ10.100> <SMSQ10.100> <sine.100>
<sine.100> <sine.100> <sine.100> <sine.100> <sine.100> <sine.100> <sine.100>
<sine.100> <sine.100> <sine.100> <sine.100> <sine.100> <sine.100> <sine.100>
<sine.100> <sine.100> <sine.100> <sine.100> <sine.100> <sine.100> <sine.100>
<sine.100> <sine.100> <sine.100> <sine.100> <sine.100>
##$GPX= (0..31)
0 0 0 0 0 0 0 0 0 0 0 0 0 0 0 0 0 0 0 0 0 0 0 0 0 0 0 0 0 0 0 0
##$GPY= (0..31)
0 0 0 0 0 0 0 0 0 0 0 0 0 0 0 0 0 0 0 0 0 0 0 0 0 0 0 0 0 0 0 0
##$GPZ= (0..31)
0 80 20.1 11 -5 0 0 0 0 0 0 0 0 0 0 0 0 0 0 0 0 0 0 0 0 0 0 0 0 0 0 0
##$GRDPROG= <grad_out>
##$GRPDLY= 67.9853057861328
##$HDDUTY= 20
##$HDRATE= 20
##$HGAIN= (0..3)
0 0 0 0
##$HL1= 512
##$HL2= 90
##$HL3= 90
##$HL4= 90
##$HOLDER= 0
##$HPMOD= (0..7)
0 0 0 0 0 0 0 0
##$HPPRGN= 0
##$IN= (0..63)
2.55e-05 0.001 0.001 0.001 0.001 0.001 0.001 0.001 0.001 0.001 0.001 0.001
0.001 0.001 0.001 0.001 0.001 0.001 0.001 0.001 0.001 0.001 0.001 0.001
0.001 0.001 0.001 0.001 0.001 0.001 0.001 0.001 0.001 0.001 0.001 0.001
0.001 0.001 0.001 0.001 0.001 0.001 0.001 0.001 0.001 0.001 0.001 0.001
0.001 0.001 0.001 0.001 0.001 0.001 0.001 0.001 0.001 0.001 0.001 0.001
0.001 0.001 0.001 0.001
##$INF= (0..7)
0 51 0 0 0 0 0 0
##$INP= (0..63)
0 0 0 0 0 0 0 0 0 0 0 0 0 0 0 0 0 0 0 0 0 0 0 0 0 0 0 0 0 0 0 0 0 0 0 0
0 0 0 0 0 0 0 0 0 0 0 0 0 0 0 0 0 0 0 0 0 0 0 0 0 0 0 0
##$INSTRUM= <spect>
##$INTEGFAC= (0..63)
0 0 0 0 0 0 0 0 0 0 0 0 0 0 0 0 0 0 0 0 0 0 0 0 0 0 0 0 0 0 0 0 0 0 0 0
0 0 0 0 0 0 0 0 0 0 0 0 0 0 0 0 0 0 0 0 0 0 0 0 0 0 0 0
##$L= (0..31)
1 1 1 1024 1 1 1 1 1 1 1 1 1 1 1 1 1 1 1 1 1 1 1 1 1 1 1 1 1 1 1 1
##$LFILTER= 500
##$LGAIN= 5
##$LINPSTP= 0
##$LOCKED= yes
##$LOCKFLD= 5539
##$LOCKGN= 118.199996948242
##$LOCKPOW= -39
##$LOCKPPM= 4.69999980926514
##$LOCNUC= <2H>
##$LOCPHAS= 8.269753
##$LOCSHFT= yes
##$LOCSW= 0
##$LTIME= 0.25
##$MASR= 0
##$MASRLST= <masrlst>
##$MULEXPNO= (0..15)
0 0 0 0 0 0 0 0 0 0 0 0 0 0 0 0
##$NBL= 1
##$NC= -7
##$NLOGCH= 3
##$NOVFLW= 0
##$NS= 2
##$NUC1= <1H>
##$NUC2= <13C>
##$NUC3= <off>
##$NUC4= <off>
##$NUC5= <off>
##$NUC6= <off>
##$NUC7= <off>
##$NUC8= <off>
##$NUCLEUS= <off>
##$NUSLIST= <automatic>
##$NusAMOUNT= 25
##$NusFPNZ= no
##$NusJSP= 0
##$NusSEED= 54321
##$NusSPTYPE= 0
##$NusT2= 1
##$NusTD= 0
##$O1= 2436.69999997564
##$O2= 11910.5999999931
##$O3= 0
##$O4= -100000000
##$O5= 0
##$O6= 0
##$O7= 0
##$O8= 0
##$OVERFLW= 0
##$P= (0..63)
15 15.5 31 10 20 19.8 30 60 20000 25 50 80000 80000 1000 500 96 1000 2500
100000 600 2000 0 0 0 2000 216 100000 15 0.1 1000 0 1895 20000 0 0 0 40000
0 0 192 2000 0 0 3792 240 0 80000 46600 10000 0 80000 0 0 0 0 0 0 0 0 0
0 0 0 1500
##$PACOIL= (0..15)
0 0 0 0 0 0 0 0 0 0 0 0 0 0 0 0
##$PAPS= 2
##$PARMODE= 1
##$PCPD= (0..9)
100 80 70 100 100 100 100 100 100 100
##$PEXSEL= (0..9)
1 1 1 1 1 1 1 1 1 1
##$PHCOR= (0..31)
0 0 0 0 0 0 0 0 0 0 0 0 0 0 0 0 0 0 0 0 0 0 0 0 0 0 0 0 0 0 0 0
##$PHLIST= <>
##$PHP= 1
##$PH_ref= 0
##$PL= (0..63)
120 -1 -2.5 120 120 120 120 120 120 120 120 120 11.5 120 120 120 120 120
120 120 120 120 120 120 120 120 120 120 120 120 120 120 120 120 120 120
120 120 120 120 120 120 120 120 120 120 120 120 120 120 120 120 120 120
120 120 120 120 120 120 120 120 120 120
##$PLSTEP= 0.1
##$PLSTRT= -6
##$PLW= (0..63)
0 13.91 50.927 0 0 -1 -1 -1 -1 0.00012519 3.4776 0.25867 1.0393 0.52277
0 8.1483 0 -1 13.91 0.48904 -1 0.081483 -1 0 0.0090536 1.4853 0.25983 0.26833
-1 3.4776 1.0393 4.1573 5.0078e-06 0 -1 -1 0 -1 -1 -1 -1 -1 -1 -1 -1 -1
-1 -1 -1 -1 -1 -1 -1 -1 -1 -1 -1 -1 -1 -1 -1 -1 -1 -1
##$PLWMAX= (0..7)
102.4 454.8 0 0 0 0 0 0
##$PQPHASE= 0
##$PQSCALE= 1
##$PR= 3
##$PRECHAN= (0..15)
-1 2 -1 0 -1 1 -1 -1 -1 -1 -1 -1 -1 -1 -1 -1
##$PRGAIN= 0
##$PROBHD= <Z800701_0081 (PA BBO 500S2 BB-H-D-05 Z)>
##$PULPROG= <hsqcetgpsisp2.2>
##$PW= 0
##$PYNM= <acqu.py>
##$ProjAngle= 0
##$QNP= 1
##$RD= 0
##$RECCHAN= (0..15)
0 1 0 0 0 0 0 0 0 -1 -1 -1 -1 -1 -1 -1
##$RECPH= 0
##$RECPRE= (0..15)
-1 0 -1 -1 -1 -1 -1 -1 -1 -1 -1 -1 -1 -1 -1 -1
##$RECPRFX= (0..15)
1 0 0 0 0 0 0 0 0 0 0 0 0 0 0 0
##$RECSEL= (0..15)
0 1 0 0 0 0 0 0 0 0 0 0 0 0 0 0
##$RG= 203
##$RO= 0
##$RSEL= (0..15)
0 2 0 1 0 0 0 0 0 0 0 0 0 0 0 0
##$S= (0..7)
83 83 83 83 83 83 83 83
##$SELREC= (0..9)
0 0 0 0 0 0 0 0 0 0
##$SFO1= 500.2524367
##$SFO2= 125.7998736
##$SFO3= 500.25
##$SFO4= 400.25
##$SFO5= 500.25
##$SFO6= 500.25
##$SFO7= 500.25
##$SFO8= 500.25
##$SOLVENT= <D2O>
##$SOLVOLD= <off>
##$SP= (0..63)
1 0 0 0 0 0 0 0 0 0 0 0 0 0 0 0 150 150 150 150 150 150 150 150 150 150
150 150 150 150 150 150 120 120 120 120 120 120 120 120 120 120 120 120
120 120 120 120 120 120 120 120 120 120 120 120 120 120 120 120 120 120
120 120
##$SPECTR= 0
##$SPINCNT= 0
##$SPNAM= (0..63)
<gauss> <Gaus1_270.1000> <Gaus1_180r.1000> <Crp60,0.5,20.1> <Bip720,100,10.1>
<Sinc1.1000> <Squa100.1000> <Crp60comp.4> <Squa100.1000> <gauss> <Sinc1.1000>
<Sinc1.1000> <gauss> <gauss> <Crp32,1.5,20.2> <gauss> <gauss> <gauss> <Crp60_xfilt.2>
<Sinc1.1000> <Sinc1.1000> <Sinc1.1000> <Sinc1.1000> <gauss> <gauss> <gauss>
<Q3_surbop.1> <gauss> <gauss> <Crp60,20,20.10> <Bip720,50,20.1> <Crp32,1.5,20.2>
<Q3_surbop.1> <> <Rsnob.1000> <Gaus1_180r.1000> <Gaus1_180r.1000> <> <>
<> <Gaus1_180r.1000> <Squa100.1000> <> <> <> <> <> <> <> <> <> <> <> <>
<> <> <> <> <> <> <> <> <> <>
##$SPOAL= (0..63)
0.5 1 0.5 0.5 0.5 0.5 0.5 0.5 0.5 0.5 0.5 0.5 0.5 0.5 0.5 0.5 0.5 0.5 0.5
1 1 1 1 0.5 0.5 0.5 0.5 0.5 0.5 0.5 0.5 0.5 0.5 0.5 0.5 0.5 0.5 0.5 0.5
0.5 0.5 0.5 0.5 0.5 0.5 0.5 0.5 0.5 0.5 0.5 0.5 0.5 0.5 0.5 0.5 0.5 0.5
0.5 0.5 0.5 0.5 0.5 0.5 0.5
##$SPOFFS= (0..63)
0 0 0 0 0 0 0 0 0 0 0 0 0 0 0 0 0 0 0 0 0 0 0 0 0 0 0 0 0 0 0 0 0 0 0 0
0 0 0 0 0 0 0 0 0 0 0 0 0 0 0 0 0 0 0 0 0 0 0 0 0 0 0 0
##$SPPEX= (0..63)
0 0 0 0 0 0 0 0 0 0 0 0 0 0 0 0 0 0 0 0 0 0 0 0 0 0 0 0 0 0 0 0 0 0 0 0
0 0 0 0 0 0 0 0 0 0 0 0 0 0 0 0 0 0 0 0 0 0 0 0 0 0 0 0
##$SPW= (0..63)
0 2.5983e-05 1.1548e-05 7.781 8.8414 0.0090249 0.00012519 7.781 3.1298e-07
0 0.0090249 0.0090249 0 0 3.3199 0 0 0 1.8743 1.843315e-05 2.865374e-05
1.337927e-05 7.215328e-05 0 0 0 0.00087704 0 0 0.11955 3.4776 0.82998 0.09759
0 0.00012625 1.1548e-05 0.00073906 0 0 0 1.1548e-05 3.1298e-07 0 0 0 0
0 0 0 0 0 0 0 0 0 0 0 0 0 0 0 0 0 0
##$SUBNAM= (0..9)
<> <> <> <> <> <> <> <> <> <>
##$SW= 5.49777437496438
##$SWIBOX= (0..19)
0 1 3 0 0 0 0 0 0 0 0 0 0 0 0 0 0 0 0 0
##$SW_h= 2750.27502750275
##$SWfinal= 0
##$SigLockShift= 0
##$TD= 1374
##$TD0= 1
##$TD_INDIRECT= (0..7)
0 512 0 0 0 0 0 0
##$TDav= 1
##$TE= 298.0904
##$TE1= 298.0904
##$TE2= 0
##$TE3= 0
##$TE4= 0
##$TEG= 300
##$TE_MAGNET= 0
##$TE_PIDX= 1
##$TE_STAB= (0..9)
2 2 0 0 0 0 0 0 0 0
##$TL= (0..7)
120 120 120 120 120 120 120 120
##$TOTROT= (0..63)
0 0 0 0 0 0 0 0 0 0 0 0 0 0 0 0 0 0 0 0 0 0 0 0 0 0 0 0 0 0 0 0 0 0 0 0
0 0 0 0 0 0 0 0 0 0 0 0 0 0 0 0 0 0 0 0 0 0 0 0 0 0 0 0
##$TUBE_TYPE= <>
##$USERA1= <user>
##$USERA2= <user>
##$USERA3= <user>
##$USERA4= <user>
##$USERA5= <user>
##$V9= 5
##$VALIDCODE= -1
##$VALIST= <valist>
##$VCLIST= <CCCCCCCCCCCCCCC>
##$VDLIST= <DDDDDDDDDDDDDDD>
##$VPLIST= <PPPPPPPPPPPPPPP>
##$VTLIST= <TTTTTTTTTTTTTTT>
##$WBST= 1024
##$WBSW= 4
##$XGAIN= (0..3)
0 0 0 0
##$XL= 0
##$YL= 0
##$YMAX_a= 11820
##$YMIN_a= -12014
##$ZGOPTNS= <>
##$ZL1= 120
##$ZL2= 120
##$ZL3= 120
##$ZL4= 120
##END=
