##TITLE= Parameter file, TopSpin 3.5 pl 7
##JCAMPDX= 5.0
##DATATYPE= Parameter Values
##NPOINTS= 1	$$ modification sequence number
##ORIGIN= Bruker BioSpin GmbH
##OWNER= aci
$$ 2025-05-19 17:14:57.333 +0200  aci@chem-nmr500
$$ /opt/topspin3.2/data/aci/nmr/A_Laurent_190525/18/pdata/1/clevels
$$ process /opt/topspin3.5pl7/prog/mod/edparproc
##$LEVELS= (0..255)
-112408.551308052 -77403.3507701182 -53299.136415548 -36701.2269414554
-25272.0803674275 -17402.0897752687 -11982.896704334 -8251.29713046324
8251.29713046324 11982.896704334 17402.0897752687 25272.0803674275 36701.2269414554
53299.136415548 77403.3507701182 112408.551308052 0 0 0 0 0 0 0 0 0 0 0
0 0 0 0 0 0 0 0 0 0 0 0 0 0 0 0 0 0 0 0 0 0 0 0 0 0 0 0 0 0 0 0 0 0 0 0
0 0 0 0 0 0 0 0 0 0 0 0 0 0 0 0 0 0 0 0 0 0 0 0 0 0 0 0 0 0 0 0 0 0 0 0
0 0 0 0 0 0 0 0 0 0 0 0 0 0 0 0 0 0 0 0 0 0 0 0 0 0 0 0 0 0 0 0 0 0 0 0
0 0 0 0 0 0 0 0 0 0 0 0 0 0 0 0 0 0 0 0 0 0 0 0 0 0 0 0 0 0 0 0 0 0 0 0
0 0 0 0 0 0 0 0 0 0 0 0 0 0 0 0 0 0 0 0 0 0 0 0 0 0 0 0 0 0 0 0 0 0 0 0
0 0 0 0 0 0 0 0 0 0 0 0 0 0 0 0 0 0 0 0 0 0 0 0 0 0 0 0 0 0 0 0 0 0 0 0
0 0 0 0 0 0 0 0 0 0 0 0 0
##$LEVSIGN= 3
##$MAXLEV= 8
##$METHOD= 0
##$NEGBASE= -1890.624992
##$NEGINCR= 1.8
##$POSBASE= 1890.624992
##$POSINCR= 1.8
##END=
