##TITLE= Parameter file, TopSpin 3.5 pl 7
##JCAMPDX= 5.0
##DATATYPE= Parameter Values
##NPOINTS= 49	$$ modification sequence number
##ORIGIN= Bruker BioSpin GmbH
##OWNER= aci
$$ 2025-05-19 13:06:53.493 +0200  aci@chem-nmr500
$$ /opt/topspin3.2/data/aci/nmr/A_Laurent_190525/5/pdata/1/clevels
$$ process /opt/topspin3.5pl7/prog/mod/dataserver
##$LEVELS= (0..255)
-734054.969542517 -495693.557401384 -334732.565058953 -226038.624948716
-152639.64520365 -103074.690412678 -69604.4057852358 -47002.5501441613
47002.5501441613 69604.4057852358 103074.690412678 152639.64520365 226038.624948716
334732.565058953 495693.557401384 734054.969542517 0 0 0 0 0 0 0 0 0 0
0 0 0 0 0 0 0 0 0 0 0 0 0 0 0 0 0 0 0 0 0 0 0 0 0 0 0 0 0 0 0 0 0 0 0 0
0 0 0 0 0 0 0 0 0 0 0 0 0 0 0 0 0 0 0 0 0 0 0 0 0 0 0 0 0 0 0 0 0 0 0 0
0 0 0 0 0 0 0 0 0 0 0 0 0 0 0 0 0 0 0 0 0 0 0 0 0 0 0 0 0 0 0 0 0 0 0 0
0 0 0 0 0 0 0 0 0 0 0 0 0 0 0 0 0 0 0 0 0 0 0 0 0 0 0 0 0 0 0 0 0 0 0 0
0 0 0 0 0 0 0 0 0 0 0 0 0 0 0 0 0 0 0 0 0 0 0 0 0 0 0 0 0 0 0 0 0 0 0 0
0 0 0 0 0 0 0 0 0 0 0 0 0 0 0 0 0 0 0 0 0 0 0 0 0 0 0 0 0 0 0 0 0 0 0 0
0 0 0 0 0 0 0 0 0 0 0 0 0 0
##$LEVSIGN= 3
##$MAXLEV= 8
##$METHOD= 0
##$NEGBASE= -1654
##$NEGINCR= 1.8
##$POSBASE= 1654
##$POSINCR= 1.8
##END=
