##TITLE= Parameter file, TopSpin 3.5 pl 7
##JCAMPDX= 5.0
##DATATYPE= Parameter Values
##NPOINTS= 73	$$ modification sequence number
##ORIGIN= Bruker BioSpin GmbH
##OWNER= aci
$$ 2025-05-19 13:15:29.035 +0200  aci@chem-nmr500
$$ /opt/topspin3.2/data/aci/nmr/A_Laurent_190525/6/pdata/1/clevels
$$ process /opt/topspin3.5pl7/prog/mod/dataserver
##$LEVELS= (0..255)
-2393307.8212953 -1926480.99062301 -1550711.10027566 -1248237.03454397
-1004762.06733305 -808778.129228127 -651021.85171906 -524036.739127693
-421820.710449576 -339542.441100138 -273312.956277861 -220001.90461933
-177089.417116367 -142547.199745599 -114742.658971959 114742.658971959
142547.199745599 177089.417116367 220001.90461933 273312.956277861 339542.441100138
421820.710449576 524036.739127693 651021.85171906 808778.129228127 1004762.06733305
1248237.03454397 1550711.10027566 1926480.99062301 2393307.8212953 0 0
0 0 0 0 0 0 0 0 0 0 0 0 0 0 0 0 0 0 0 0 0 0 0 0 0 0 0 0 0 0 0 0 0 0 0 0
0 0 0 0 0 0 0 0 0 0 0 0 0 0 0 0 0 0 0 0 0 0 0 0 0 0 0 0 0 0 0 0 0 0 0 0
0 0 0 0 0 0 0 0 0 0 0 0 0 0 0 0 0 0 0 0 0 0 0 0 0 0 0 0 0 0 0 0 0 0 0 0
0 0 0 0 0 0 0 0 0 0 0 0 0 0 0 0 0 0 0 0 0 0 0 0 0 0 0 0 0 0 0 0 0 0 0 0
0 0 0 0 0 0 0 0 0 0 0 0 0 0 0 0 0 0 0 0 0 0 0 0 0 0 0 0 0 0 0 0 0 0 0 0
0 0 0 0 0 0 0 0 0 0 0 0 0 0 0 0 0 0 0 0 0 0 0 0 0 0 0 0 0 0 0 0 0 0 0 0
0 0 0 0 0 0 0 0
##$LEVSIGN= 3
##$MAXLEV= 15
##$METHOD= 0
##$NEGBASE= -93482.4
##$NEGINCR= 1.8
##$POSBASE= 93482.4
##$POSINCR= 1.8
##END=
