P 0
241.792448   241.557019
239.282538   238.867545
222.958151   222.535178
217.958284   217.714875
207.491682   206.569919
203.166179   202.914789
198.940433   198.665101
198.266070   197.918912
177.871559   177.616179
167.740144   167.452841
167.221403   166.966023
165.050671   164.787310
158.015742   157.760361
155.142713   154.619982
152.469201   152.225792
143.654591   143.407191
138.778423   138.383382
138.036224   137.780844
133.602982   133.339621
131.911088   131.492104
128.152209   127.769139
123.738918   123.407722
121.795634   121.552225
116.600241   116.340871
113.978603   113.535678
113.280297   113.020927
112.685740   112.426370
109.497477   109.258058
95.507425   95.256035
94.593643   94.342253
89.681563   89.410221
81.018584   80.771185
67.283913   67.028533
47.037044   46.793635
40.919888   40.520857
39.770677   39.455442
34.192214   33.948805
21.965883   21.658628
7.608722   7.361322
6.168217   5.789137
0.525909   0.290480
