##TITLE= Parameter file, TopSpin 3.5 pl 7
##JCAMPDX= 5.0
##DATATYPE= Parameter Values
##NPOINTS= 25	$$ modification sequence number
##ORIGIN= Bruker BioSpin GmbH
##OWNER= aci
$$ 2025-05-19 17:11:22.114 +0200  aci@chem-nmr500
$$ /opt/topspin3.2/data/aci/nmr/A_Laurent_190525/16/pdata/1/clevels
$$ process /opt/topspin3.5pl7/prog/mod/dataserver
##$LEVELS= (0..255)
-425497.852966502 -392639.129619889 -362317.894051145 -334338.191416446
-308519.197718026 -284694.055189302 -262708.789508741 -242421.319200617
-223700.528895777 -206425.438644945 -190484.396629305 -175774.416500188
-162200.381052813 -149674.559732879 -138116.080778467 138116.080778467
149674.559732879 162200.381052813 175774.416500188 190484.396629305 206425.438644945
223700.528895777 242421.319200617 262708.789508741 284694.055189302 308519.197718026
334338.191416446 362317.894051145 392639.129619889 425497.852966502 0 0
0 0 0 0 0 0 0 0 0 0 0 0 0 0 0 0 0 0 0 0 0 0 0 0 0 0 0 0 0 0 0 0 0 0 0 0
0 0 0 0 0 0 0 0 0 0 0 0 0 0 0 0 0 0 0 0 0 0 0 0 0 0 0 0 0 0 0 0 0 0 0 0
0 0 0 0 0 0 0 0 0 0 0 0 0 0 0 0 0 0 0 0 0 0 0 0 0 0 0 0 0 0 0 0 0 0 0 0
0 0 0 0 0 0 0 0 0 0 0 0 0 0 0 0 0 0 0 0 0 0 0 0 0 0 0 0 0 0 0 0 0 0 0 0
0 0 0 0 0 0 0 0 0 0 0 0 0 0 0 0 0 0 0 0 0 0 0 0 0 0 0 0 0 0 0 0 0 0 0 0
0 0 0 0 0 0 0 0 0 0 0 0 0 0 0 0 0 0 0 0 0 0 0 0 0 0 0 0 0 0 0 0 0 0 0 0
0 0 0 0 0 0 0 0
##$LEVSIGN= 3
##$MAXLEV= 15
##$METHOD= 0
##$NEGBASE= -93482.4
##$NEGINCR= 1.8
##$POSBASE= 93482.4
##$POSINCR= 1.8
##END=
